<<<<<<< HEAD
((("step" .
   [1 0 0 0])
  ("half_range" .
   [1 0 0 0 0 0 0 0 0 0])
  ("u" .
   [1])
  ("unicad" .
   [1 0 0 0 0 0])
  ("require" .
   [1 0 0 0 0 0 0])
  ("CONFIG_SYS_MPLL_FREQ" .
   [0 0 0 0 0 1 0 0 0 0 0 0 0 0 0 0 0 0 0 0])
  ("CONFIG_CMD_BURN" .
   [1 0 0 0 0 0 0 0 0 0 0 0 1 0 0])
  ("0x7" .
   [2 0 0])
  ("0x3" .
   [5 0 0])
  ("0xFFFFFF" .
   [1 0 0 0 0 0 0 0])
  ("25" .
=======
((("~/.emacs" .
   [0 0 0 0 0 0 0 1])
  ("rm" .
>>>>>>> 7479b8cfb5f5875b1005daf44ff1e8e60f8969ee
   [1 0])
  ("else" .
   [1 0 0 0])
  ("ifdef" .
   [1 0 0 0 0])
  ("BOOTARGS_COMMON" .
   [0 0 0 0 0 0 1 0 0 0 0 0 0 0 0])
  ("CONFIG_BOOTARGS" .
   [0 0 0 0 0 0 0 0 0 0 0 1 0 0 0])
  ("define" .
   [1 0 0 0 0 0])
  ("0xb0070000" .
   [1 0 0 0 0 0 0 0 0 0])
  ("11" .
   [3 0])
  ("0xb0070020" .
   [1 0 0 0 0 0 0 0 0 0])
  ("1" .
   [2])
  ("for" .
   [4 0 0])
  ("tmp" .
   [12 0 0])
  ("while" .
   [3 0 0 0 0])
  ("LCDCTRL" .
   [0 0 0 0 1 0 0])
  ("volatile" .
   [1 0 0 2 7 0 0 0])
  ("dac_test" .
   [1 0 0 0 0 0 0 0])
  ("void" .
   [6 0 0 0])
  ("dac_4780B" .
   [0 0 0 0 1 0 0 0 0])
  ("0xa4a6" .
   [1 0 0 0 0 0])
  ("0x0525" .
   [1 0 0 0 0 0])
  ("boot_sel" .
   [1 0 0 0 0 0 0 0])
  ("DBG_HEX" .
   [2 0 0 0 3 0 0])
  ("DBG" .
   [6 0 0])
  ("r" .
   [1])
  ("alias" .
   [1 0 0 0 0])
  ("30" .
   [1 0])
  ("29" .
   [1 0])
  ("0xb0000088" .
   [1 0 0 0 0 0 0 0 0 0])
<<<<<<< HEAD
  ("24" .
   [2 0])
  ("CPM_CPAPCR" .
   [0 0 0 0 0 0 0 0 1 0])
  ("REG32" .
   [2 0 0 0 0])
  ("int" .
   [13 0 0])
  ("unsigned" .
   [0 0 0 1 9 0 0 0])
  ("0x18" .
   [1 0 0 0])
  ("0x20" .
=======
  ("0x30" .
   [2 0 0 0])
  ("2000" .
>>>>>>> 7479b8cfb5f5875b1005daf44ff1e8e60f8969ee
   [1 0 0 0])
  ("printk" .
   [3 0 0 0 0 0])
  ("static" .
   [1 0 0 0 0 0])
  ("printf" .
   [1 0 0 0 0 0])
  ("0x40" .
   [2 0 0 0])
  ("0x3c" .
   [1 0 0 0])
  ("0x34" .
   [1 0 0 0])
  ("0x28" .
   [1 0 0 0])
  ("0x24" .
   [2 0 0 0])
  ("0x20" .
   [1 0 0 0])
  ("0x18" .
   [1 0 0 0])
  ("unsigned" .
   [0 0 0 1 9 0 0 0])
  ("int" .
   [11 0 0])
  ("REG32" .
   [2 0 0 0 0])
  ("CPM_CPAPCR" .
   [0 0 0 0 0 0 0 0 1 0])
  ("24" .
   [2 0])
  ("CPM_CPMPCR" .
   [1 0 0 0 0 0 0 0 0 0])
  ("0x44" .
   [1 0 0 0])
  ("endif" .
   [6 0 0 0 0])
  ("REG_CPM_CLKGR1" .
   [1 0 0 0 0 0 0 0 0 0 0 0 0 0])
  ("if" .
   [5 0])
  ("switch" .
   [7 0 0 0 0 0])
  ("s" .
   [1])
  ("pcval" .
   [1 0 0 0 0])
  ("wli_delay" .
   [0 0 0 0 2 0 1 0 0])
  ("t" .
   [3])
  ("0" .
   [1])
  ("0xb3050030" .
   [1 0 0 0 0 0 0 0 0 0])
  ("0xb3050180" .
   [1 0 0 0 0 0 0 0 0 0])
  ("0xb3050000" .
   [1 0 0 0 0 0 0 0 0 0])
  ("0xb0000020" .
   [1 0 0 0 0 0 0 0 0 0])
  ("tmp1" .
   [1 0 0 0])
  ("10" .
   [2 0])
  ("0xb305010c" .
   [1 0 0 0 0 0 0 0 0 0])
  ("25" .
   [1 0])
  ("0xFFFFFF" .
   [1 0 0 0 0 0 0 0])
  ("0x3" .
   [5 0 0])
  ("0x7" .
   [2 0 0])
  ("CONFIG_CMD_BURN" .
   [1 0 0 0 0 0 0 0 0 0 0 0 1 0 0])
  ("CONFIG_SYS_MPLL_FREQ" .
   [0 0 0 0 0 1 0 0 0 0 0 0 0 0 0 0 0 0 0 0])
  ("require" .
   [1 0 0 0 0 0 0])
  ("unicad" .
   [1 0 0 0 0 0])))
